$ 1 0.000005 10.20027730826997 50 5 50 5e-11
a 784 480 928 480 8 15 -15 1000000 0.000005114899974406086 0 100000
r 784 336 928 336 0 100000
r 784 384 656 384 0 150000
d 784 384 928 384 2 1N4148
d 928 384 928 336 2 1N4148
w 784 336 784 384 0
w 784 384 784 464 0
r 784 464 656 464 0 100000
g 784 496 784 528 0 0
w 928 480 928 384 0
R 656 384 656 336 0 0 40 15 0 0 0.5
R 592 448 512 448 0 1 40 5 5 0 0.5
368 1008 336 1088 336 0 0
403 1072 400 1200 464 0 12_64_0_12546_0.0001_0.0001_-1_2_12_3
r 928 336 1008 336 0 36000
r 1008 336 1008 400 0 1000
g 1008 400 1008 432 0 0
S 656 464 592 464 0 1 false 0 2
R 512 512 480 512 0 0 40 15 0 0 0.5
r 512 512 592 480 0 51000
