$ 1 0.000005 10.20027730826997 50 5 43 5e-11
a 768 352 896 352 8 12 -12 1000000 -0.0000375678678233544 0 100000
r 768 208 896 208 0 200000
w 768 272 768 336 0
w 896 272 896 352 0
174 176 448 208 544 1 100000 0.005 Resistance
r 176 448 176 384 0 10000
g 176 544 176 576 0 0
R 176 384 176 336 0 0 40 12 0 0 0.5
g 768 368 768 400 0 0
r 768 272 704 272 0 100000
S 576 128 512 128 0 1 false 0 2
w 512 80 512 112 0
w 512 144 512 176 0
w 208 496 256 496 0
R 352 448 288 448 0 1 40 5 0 0 0.5
r 768 336 688 336 0 100000
R 464 560 400 560 0 1 40 2.5 2.5 0 0.5
S 544 544 464 544 0 1 false 0 2
w 464 512 464 528 0
403 352 608 480 672 0 16_64_0_4354_5_0.1_-1_2_16_3
403 288 352 416 416 0 14_64_0_4354_5_0.1_-1_2_14_3
w 544 544 688 336 0
s 592 272 704 272 0 0 false
r 352 448 352 496 0 100000
g 352 496 352 512 0 0
r 352 448 432 448 0 100000
w 432 448 464 512 0
d 768 272 896 272 2 1N5711
d 896 272 896 208 2 1N5711
w 768 208 768 272 0
368 960 208 1024 208 0 0
403 1056 256 1184 320 0 30_64_0_4354_0.625_0.1_-1_2_30_3
r 896 208 960 208 0 33000
r 960 208 960 272 0 1000
g 960 272 960 304 0 0
r 464 -176 464 -80 0 1200
174 464 -80 464 16 1 10000 0.7772000000000001 Resistance
g 464 16 464 64 0 0
R 464 -176 464 -224 0 0 40 -12 0 0 0.5
368 480 -32 560 -32 0 0
368 320 160 400 160 0 0
R 304 16 304 -32 0 0 40 -12 0 0 0.5
g 304 208 304 256 0 0
174 304 112 304 208 1 10000 0.5198 Resistance
r 304 16 304 112 0 1200
w 480 -32 512 80 0
w 320 160 512 176 0
w 576 128 592 272 0
368 896 208 896 128 0 0
403 832 16 960 80 0 48_64_0_4354_20_0.1_-1_2_48_3
o 16 64 0 4354 20 0.1 0 1
