$ 1 0.000005 10.20027730826997 50 5 43 5e-11
a 768 352 896 352 8 12 -12 1000000 -0.00010393307547736517 0 100000
r 768 208 896 208 0 200000
g 768 368 768 400 0 0
r 768 208 704 208 0 100000
174 96 48 96 144 1 10000 0.005 Level
g 96 144 96 192 0 0
368 896 208 896 128 0 0
403 832 16 960 80 0 6_64_0_4354_19.273076554094647_0.0001_-1_2_6_3
g 1168 400 1200 400 0 0
174 1152 352 1152 448 1 100000 0.005 Lin/exp
r 1152 448 1248 448 0 100000
r 1152 352 1248 352 0 100000
r 1056 448 1152 448 0 4700
r 1056 352 1152 352 0 4700
174 -64 272 -32 384 1 100000 0.005 Att
g -64 400 -64 432 0 0
r 768 336 704 336 0 100000
R -192 320 -240 320 0 1 200 2.5 2.5 0 0.5
368 112 96 176 48 0 0
a 768 480 896 480 9 15 -15 1000000 0.027571876967668378 0.027572428405207728 100000
368 896 480 960 480 0 0
r 768 544 768 608 0 100000
r 768 544 896 544 0 100000
w 768 496 768 544 0
w 896 480 896 544 0
g 768 608 768 640 0 0
R 704 208 672 208 0 0 40 -5 0 0 0.5
w 768 464 704 464 0
w 704 336 704 464 0
a 224 288 336 288 8 15 -15 1000000 -0.000049724267444219386 0 100000
r 160 272 224 272 0 100000
r 224 208 336 208 0 100000
w 224 208 224 272 0
w 336 208 336 288 0
g 224 304 224 336 0 0
368 336 208 400 176 0 0
r 224 208 160 208 0 100000
w 160 208 160 96 0
w 160 96 112 96 0
403 336 16 464 80 0 35_64_0_4354_5.220048273763682_0.0001_-1_2_35_3
S -64 272 -144 272 0 0 false 0 2
R -192 240 -240 240 0 1 200 5 0 0 0.5
w -192 240 -144 256 0
w -144 288 -192 320 0
403 -336 112 -208 176 0 41_64_0_4354_5_0.1_-1_2_41_3
403 -352 368 -224 432 0 17_64_0_4354_5_0.1_-1_2_17_3
403 1072 576 1200 640 0 20_64_0_4354_0.15625_0.1_-1_2_20_3
w 1056 208 896 208 0
w 1056 448 896 480 0
368 1248 352 1280 304 0 0
368 1248 448 1296 512 0 0
a 496 336 592 336 8 15 -15 1000000 -2.757242840520773e-7 0 100000
g 496 352 496 384 0 0
r 496 272 592 272 0 100000
w 496 272 496 320 0
w 592 272 592 336 0
r 496 320 432 320 0 100000
w 432 320 336 288 0
r 496 272 432 272 0 100000
R 432 272 400 272 0 0 40 -5 0 0 0.5
R 96 48 96 0 0 0 40 -5 0 0 0.5
368 704 464 624 464 0 0
403 480 528 608 592 0 61_64_0_4354_0.078125_0.1_-1_2_61_3
s 160 272 -32 336 0 1 false
368 592 336 640 288 0 0
403 544 96 672 160 0 64_64_0_4354_0.078125_0.1_-1_2_64_3
w 592 272 704 336 0
d 768 272 896 272 2 default
d 896 272 896 208 2 default
w 768 208 768 272 0
w 768 272 768 336 0
w 896 272 896 352 0
w 1056 208 1056 352 0
d 1152 496 1152 448 2 1N5711
g 1152 496 1152 528 0 0
o 49 16 0 4354 20 0.1 0 3 50 0 17 0
