$ 1 0.000005 10.20027730826997 50 5 43 5e-11
a 976 352 1104 352 8 12 -12 1000000 3.7229018121967453e-7 0 100000
r 976 208 1104 208 0 200000
g 976 368 976 400 0 0
r 976 272 912 272 0 100000
174 96 48 96 144 1 10000 0.005 Level
g 832 384 864 384 0 0
174 816 336 816 432 1 10000 0.9950000000000001 exp/lin
r 720 432 816 432 0 6800
r 720 336 816 336 0 6800
174 -64 272 -32 384 1 100000 0.005 Att
g -64 400 -64 432 0 0
r 976 336 912 336 0 100000
R -192 320 -240 320 0 1 200 2.5 2.5 0 0.5
368 112 96 176 48 0 0
a 976 448 1104 448 9 12 -12 1000000 0.06445267778400933 0.06445466352167421 100000
r 976 560 976 624 0 100000
r 976 560 1104 560 0 100000
w 976 464 976 512 0
g 976 624 976 656 0 0
R 912 272 880 272 0 0 40 -5 0 0 0.5
w 976 432 816 432 0
a 224 288 336 288 8 12 -12 1000000 -0.00008830288902469559 0 100000
r 160 272 224 272 0 100000
r 224 208 336 208 0 180000
w 224 208 224 272 0
w 336 208 336 288 0
g 224 304 224 336 0 0
368 336 208 400 176 0 0
r 224 208 160 208 0 100000
w 160 208 160 96 0
w 160 96 112 96 0
403 336 16 464 80 0 27_64_0_4354_10.440096547527364_0.0001_-1_2_27_3
S -64 272 -144 272 0 0 false 0 2
R -192 240 -240 240 0 1 200 5 0 0 0.5
w -192 240 -144 256 0
w -144 288 -192 320 0
403 -336 112 -208 176 0 33_64_0_4354_5_0.1_-1_2_33_3
403 -352 368 -224 432 0 12_64_0_4354_5_0.1_-1_2_12_3
R 96 48 96 0 0 0 40 -5 0 0 0.5
s 160 272 -32 336 0 0 false
w 976 272 976 336 0
w 1104 272 1104 352 0
w 720 336 720 432 0
368 1104 512 1152 512 0 0
368 1104 352 1152 352 0 0
403 1136 240 1264 304 0 44_64_0_4354_20_0.1_-1_2_44_3
403 1216 496 1344 560 0 43_64_0_4354_0.11961820203954117_0.0001_-1_2_43_3
368 816 336 816 240 0 0
403 752 144 880 208 0 47_64_0_4354_10_0.1_-1_2_47_3
w 912 336 816 336 0
w 720 336 336 288 0
d 976 512 1104 512 2 default
d 1104 448 1104 512 2 default
w 1104 512 1104 560 0
w 976 512 976 560 0
d 1104 272 1104 208 2 1N5711
d 976 272 1104 272 2 1N5711
w 976 208 976 272 0
368 816 432 816 480 0 0
403 768 512 896 576 0 58_64_0_4354_0.078125_0.1_-1_2_58_3
w 96 160 96 144 0
g 96 160 96 192 0 0
o 12 8 0 4354 20 0.1 0 5 44 0 44 3 43 0 43 3
